0.7017543859649122
0.691588785047
0.655063291139
0.639618138425
0.638336347197
0.62980030722
0.611325611326
0.635227272727
0.626149131767
0.625905797101
0.634266886326
0.628955696203
0.62404287902
0.618694362018
0.614275414564
0.610570236439
0.610135135135
0.603403141361
0.603459320948
0.603620474407
0.60391198044
0.593787335723
0.582167832168
0.575028636884
0.567280848688
0.558484349259
0.552744886975
0.550286607608
0.54345603272
0.540877367896
0.53032508491
0.522835394862
0.518934081346
0.513799448022
0.50900090009
0.504416961131
0.502390265102
0.500214500215
0.49389987379
0.487200660611
0.477254264825
0.474698795181
0.472553699284
0.470866141732
0.469874804382
0.466820987654
0.465721945615
0.465125094769
0.463102409639
0.461595824012
0.45739579491
0.455438341215
0.453604568166
0.455722786139
0.456514266071
0.463875759622
0.464863081491
0.469003570269
0.472548397334
0.476812947401
0.481117592877
0.482349360925
