0.251201868057251
0.49454188346862793
0.7380998134613037
0.9831442832946777
1.2414836883544922
1.4924170970916748
1.7441625595092773
2.0054447650909424
2.2664921283721924
2.5323071479797363
2.7932286262512207
3.0445964336395264
3.2995197772979736
3.56003999710083
3.8237767219543457
4.088088512420654
4.352638244628906
4.611185789108276
4.869614124298096
5.130250453948975
5.389292001724243
5.634113073348999
5.884812355041504
6.134536266326904
6.389339208602905
6.63931679725647
6.893937587738037
7.1505491733551025
7.395764350891113
7.664336204528809
7.920129060745239
8.173289060592651
8.427326202392578
8.677289962768555
8.940219402313232
9.197077989578247
9.461466550827026
9.723593950271606
9.993582248687744
10.266355514526367
10.543862104415894
10.836977005004883
11.139563083648682
11.445102453231812
11.743467807769775
12.044982194900513
12.335883855819702
12.630886793136597
12.925497055053711
13.21625280380249
13.51606822013855
13.813268184661865
14.122063159942627
14.419427394866943
14.727299451828003
15.033439874649048
15.350254774093628
15.655928373336792
15.974055528640747
16.292373418807983
16.5995831489563
16.877434253692627
